SPAWN
15 768

PLATFORM
384 256 512 128
1408 256 512 128
0 384 128 384
128 512 128 256
1664 512 256 640
256 640 128 128
768 640 256 256
640 768 128 128
1024 768 256 384
0 896 512 256
1280 896 128 256
1536 896 128 256
512 1024 512 128
1408 1024 128 128

SLIME
1408 896 128 128

SEED
1792 384 128 128
896 896 128 128

PRESSURE_PLATE
1664 128 128 128

DOOR
1792 128 128 128

ORB
768 128 128 128

TILES
15 9 128
0 0 0 0 0 0 0 0 0 0 0 0 0 0 0
0 0 0 0 0 0 0 0 0 0 0 0 0 0 0
0 0 0 46 47 47 50 0 0 0 0 46 47 47 47
3 0 0 0 0 0 0 0 0 0 0 0 0 0 0
7 3 0 0 0 0 0 0 0 0 0 0 0 1 2
12 12 50 0 0 0 1 3 0 0 0 0 0 6 7
0 0 0 0 0 46 12 12 2 3 0 0 0 6 7
2 2 2 3 0 0 0 0 6 7 2 0 2 7 7
7 7 7 7 2 2 2 2 7 7 7 7 7 7 7
