PLATFORM
0 0 896 128
1408 0 1024 128
0 128 128 1792
896 128 256 128
2304 128 128 1792
1920 256 128 256
2176 256 128 256
128 384 640 128
1280 384 640 128
2048 384 128 128
640 512 128 1152
896 512 512 128
896 640 128 256
1536 640 128 768
128 768 384 128
1024 768 128 384
1280 768 256 128
2048 768 128 128
512 1024 128 256
768 1024 128 384
1280 1024 256 128
1664 1024 256 128
128 1152 256 256
1664 1152 128 256
2176 1152 128 128
896 1280 640 128
256 1536 256 128
1792 1536 512 128
896 1664 384 256
1408 1664 256 256
256 1792 640 128
1280 1792 128 128
1664 1792 640 128

SLIME
2048 256 128 128
1280 1664 128 128

SEED
128 256 128 128
1408 896 128 128
2176 1664 128 128

PRESSURE_PLATE
2176 768 128 128
128 1792 128 128

DOOR
896 0 128 128

ORB
2176 1408 128 128

CRATE
256 1408 128 128

SPIKE
128 128 128 128
640 128 128 128
384 256 128 128
1024 1408 128 128
1408 1536 128 128

VENTILATION
1024 640 512 128

TILES
19 15 128
7 7 12 12 12 7 12 0 0 0 0 31 12 12 12 12 12 12 7
8 10 0 0 0 10 0 46 50 0 0 0 0 0 0 0 0 0 6
8 0 0 4 0 0 0 0 0 0 0 0 0 0 0 1 16 2 7
7 47 47 12 47 27 0 0 0 0 26 47 47 47 47 12 12 12 7
8 0 0 0 0 43 0 1 47 47 13 0 0 0 0 0 0 0 6
8 0 0 0 0 43 0 43 22 0 0 0 38 0 0 0 0 0 6
7 49 49 50 0 43 0 11 3 0 46 47 8 0 0 0 46 18 7
8 0 0 0 0 43 0 0 43 0 0 0 43 0 0 0 0 0 6
8 0 0 0 1 7 27 0 58 0 47 47 7 2 50 0 0 0 6
7 2 27 0 11 7 8 0 0 0 0 0 6 8 0 0 0 46 7
7 12 32 0 0 6 12 47 2 47 47 47 12 13 0 0 0 0 6
8 0 0 0 0 43 0 0 10 0 0 0 0 0 0 0 0 0 6
8 0 46 50 0 43 0 0 0 0 0 4 0 0 46 47 47 47 7
8 0 0 0 0 0 0 26 2 2 16 7 3 0 0 0 0 0 6
7 18 2 2 2 2 2 7 7 7 7 7 7 2 2 2 2 2 7
