SPAWN
128 128

PLATFORM
0 0 128 1152
512 0 128 896
1664 0 128 640
2048 0 128 1152
896 128 640 128
128 256 256 128
640 256 128 128
1408 256 128 128
1920 256 128 128
256 512 128 128
896 512 256 128
1280 512 128 384
896 640 128 512
1536 640 128 256
1920 640 128 128
256 768 128 128
1152 768 128 128
1664 768 128 128
128 1024 768 128
1024 1024 640 128

SLIME
1152 512 128 128

SEED
1152 640 128 128

PRESSURE_PLATE
1536 512 128 128

DOOR
1920 128 128 128
1408 512 128 128

ORB
768 896 128 128

CRATE
1280 0 128 128

SPIKE
128 384 128 128
1024 384 128 128

FLOOR
1664 1024 384 128

TILES
17 9 128
8 0 0 0 6 0 0 0 0 0 0 0 0 6 0 0 6
8 0 0 0 6 0 0 1 2 2 2 3 0 6 0 0 6
7 2 3 0 6 3 0 0 0 0 0 8 0 6 0 6 7
8 5 0 0 6 0 0 0 4 0 0 0 0 6 0 0 6
8 0 2 0 6 0 0 1 2 16 2 0 18 7 0 0 6
8 0 0 0 6 0 0 6 0 0 8 0 6 0 0 6 7
8 0 2 4 6 0 0 6 0 12 13 0 11 13 0 0 6
8 0 0 0 0 0 0 6 0 0 0 0 0 0 0 0 6
7 2 2 2 2 2 2 7 2 2 2 2 2 17 17 17 7